-----------------------------------------
Executing the FM encoding
********* SAT VALUATIONS ************
Number of Clauses: 12298
Number of Variables: 4034
Constraint Generation Time: 0.007798sec 
Solving Time: 0.012661sec 
Mem (MB): 9.48828
Formula is SAT -- DEADLOCK DETECTED
M_00:1
I_00:1
M_01:1
I_01:1
M_02:1
I_02:1
M_03:1
I_03:1
M_04:1
I_04:1
M_05:1
I_05:1
M_06:1
I_06:1
M_07:1
I_07:1
M_08:1
I_08:1
M_09:1
I_09:1
M_010:0
I_010:1
M_011:0
I_011:0
M_012:0
I_012:0
M_013:0
I_013:0
M_014:0
I_014:0
M_015:0
I_015:0
M_016:0
I_016:0
M_017:0
I_017:0
M_018:0
I_018:0
M_019:0
I_019:0
M_020:0
I_020:0
M_021:0
I_021:0
M_022:0
I_022:0
M_00:1
I_00:1
M_11:1
I_11:1
M_12:1
I_12:1
M_13:1
I_13:1
M_14:1
I_14:1
M_15:1
I_15:1
M_16:1
I_16:1
M_17:1
I_17:1
M_18:1
I_18:1
M_19:1
I_19:1
M_110:1
I_110:1
M_111:0
I_111:1
M_112:0
I_112:0
M_113:0
I_113:0
M_022:0
I_022:0
M_00:1
I_00:1
M_21:1
I_21:1
M_22:1
I_22:1
M_23:1
I_23:1
M_24:1
I_24:1
M_25:1
I_25:1
M_26:1
I_26:1
M_27:0
I_27:1
M_28:1
I_28:1
M_29:1
I_29:1
M_210:0
I_210:1
M_211:0
I_211:0
M_212:0
I_212:0
M_213:0
I_213:0
M_022:0
I_022:0
M_00:1
I_00:1
M_31:1
I_31:1
M_32:1
I_32:1
M_33:1
I_33:1
M_34:1
I_34:1
M_35:1
I_35:1
M_36:1
I_36:1
M_37:1
I_37:1
M_38:1
I_38:1
M_39:1
I_39:1
M_310:0
I_310:1
M_311:0
I_311:0
M_312:0
I_312:0
M_313:0
I_313:0
M_022:0
I_022:0
S_1104:0
S_1102:1
S_0112:1
S_0114:0
S_1304:1
S_1308:0
S_0314:1
S_0318:0
S_3122:1
S_3124:0
S_2132:1
S_2134:0
S_3324:1
S_3328:0
S_2506:1
S_0526:1
S_2334:1
S_2338:0
S_3516:1
S_1536:1
S_2708:0
S_27011:0
S_27018:0
S_27019:0
S_3718:1
S_110010:0
S_11008:1
S_0728:1
S_07211:0
S_210011:0
S_21008:0
S_1738:1
S_310012:0
S_31008:0
S_013111:0
S_01318:0
S_014211:0
S_01428:0
S_015311:0
S_01538:0
S_112016:0
S_112010:0
S_113017:0
S_113016:0
S_212018:0
S_212011:0
S_213019:0
S_213018:0
S_312020:0
S_312012:0
S_313021:0
S_313020:0

