-----------------------------------------
Executing the FM encoding
********* SAT VALUATIONS ************
Number of Clauses: 28866
Number of Variables: 9408
Constraint Generation Time: 0.018745sec 
Solving Time: 0.028298sec 
Mem (MB): 16.1289
Formula is SAT -- DEADLOCK DETECTED
M_00:1
I_00:1
M_01:1
I_01:1
M_02:1
I_02:1
M_03:1
I_03:1
M_04:1
I_04:1
M_05:1
I_05:1
M_06:1
I_06:1
M_07:1
I_07:1
M_08:1
I_08:1
M_09:1
I_09:1
M_010:0
I_010:1
M_011:0
I_011:0
M_012:0
I_012:0
M_013:0
I_013:0
M_014:0
I_014:0
M_015:0
I_015:0
M_016:0
I_016:0
M_017:0
I_017:0
M_018:0
I_018:0
M_019:0
I_019:0
M_020:0
I_020:0
M_021:0
I_021:0
M_022:0
I_022:0
M_023:0
I_023:0
M_024:0
I_024:0
M_025:0
I_025:0
M_026:0
I_026:0
M_027:0
I_027:0
M_028:0
I_028:0
M_029:0
I_029:0
M_030:0
I_030:0
M_031:0
I_031:0
M_032:0
I_032:0
M_033:0
I_033:0
M_034:0
I_034:0
M_035:0
I_035:0
M_036:0
I_036:0
M_037:0
I_037:0
M_038:0
I_038:0
M_00:1
I_00:1
M_11:1
I_11:1
M_12:1
I_12:1
M_13:1
I_13:1
M_14:1
I_14:1
M_15:1
I_15:1
M_16:1
I_16:1
M_17:1
I_17:1
M_18:1
I_18:1
M_19:1
I_19:1
M_110:1
I_110:1
M_111:0
I_111:1
M_112:0
I_112:0
M_113:0
I_113:0
M_038:0
I_038:0
M_00:1
I_00:1
M_21:1
I_21:1
M_22:1
I_22:1
M_23:1
I_23:1
M_24:1
I_24:1
M_25:1
I_25:1
M_26:1
I_26:1
M_27:1
I_27:1
M_28:1
I_28:1
M_29:1
I_29:1
M_210:0
I_210:1
M_211:0
I_211:0
M_212:0
I_212:0
M_213:0
I_213:0
M_038:0
I_038:0
M_00:1
I_00:1
M_31:1
I_31:1
M_32:1
I_32:1
M_33:1
I_33:1
M_34:1
I_34:1
M_35:1
I_35:1
M_36:1
I_36:1
M_37:1
I_37:1
M_38:1
I_38:1
M_39:1
I_39:1
M_310:0
I_310:1
M_311:0
I_311:0
M_312:0
I_312:0
M_313:0
I_313:0
M_038:0
I_038:0
M_00:1
I_00:1
M_41:1
I_41:1
M_42:1
I_42:1
M_43:1
I_43:1
M_44:1
I_44:1
M_45:1
I_45:1
M_46:1
I_46:1
M_47:1
I_47:1
M_48:1
I_48:1
M_49:1
I_49:1
M_410:0
I_410:1
M_411:0
I_411:0
M_412:0
I_412:0
M_413:0
I_413:0
M_038:0
I_038:0
M_00:1
I_00:1
M_51:1
I_51:1
M_52:1
I_52:1
M_53:1
I_53:1
M_54:1
I_54:1
M_55:1
I_55:1
M_56:1
I_56:1
M_57:1
I_57:1
M_58:1
I_58:1
M_59:1
I_59:1
M_510:0
I_510:1
M_511:0
I_511:0
M_512:0
I_512:0
M_513:0
I_513:0
M_038:0
I_038:0
M_00:1
I_00:1
M_61:1
I_61:1
M_62:1
I_62:1
M_63:1
I_63:1
M_64:1
I_64:1
M_65:1
I_65:1
M_66:1
I_66:1
M_67:0
I_67:1
M_68:1
I_68:1
M_69:1
I_69:1
M_610:0
I_610:1
M_611:0
I_611:0
M_612:0
I_612:0
M_613:0
I_613:0
M_038:0
I_038:0
M_00:1
I_00:1
M_71:1
I_71:1
M_72:1
I_72:1
M_73:1
I_73:1
M_74:1
I_74:1
M_75:1
I_75:1
M_76:1
I_76:1
M_77:1
I_77:1
M_78:1
I_78:1
M_79:1
I_79:1
M_710:0
I_710:1
M_711:0
I_711:0
M_712:0
I_712:0
M_713:0
I_713:0
M_038:0
I_038:0
S_3516:1
S_4528:0
S_6374:1
S_6548:0
S_0568:0
S_3518:0
S_1104:0
S_4354:1
S_2508:0
S_0318:0
S_3122:1
S_1102:1
S_0114:0
S_1304:1
S_4154:0
S_5344:1
S_5348:0
S_5142:1
S_5538:0
S_4358:0
S_1308:0
S_6378:0
S_3328:0
S_2506:1
S_410013:0
S_5144:0
S_4152:1
S_2334:1
S_2132:1
S_3124:0
S_2134:0
S_3324:1
S_0112:1
S_2338:0
S_0314:1
S_5536:1
S_7162:1
S_7368:0
S_6546:1
S_0566:1
S_4526:1
S_7164:0
S_6172:1
S_6174:0
S_7364:1
S_110010:0
S_1578:0
S_6708:0
S_7558:0
S_7556:1
S_312028:0
S_11008:1
S_07211:0
S_67015:0
S_1576:1
S_019311:0
S_017111:0
S_710016:0
S_412030:0
S_212026:0
S_01938:0
S_01828:0
S_02158:0
S_02048:0
S_020411:0
S_0728:1
S_210011:0
S_310012:0
S_67034:0
S_67035:0
S_7718:1
S_21008:0
S_31008:0
S_41008:0
S_1738:1
S_71008:0
S_613035:0
S_2748:1
S_510014:0
S_51008:0
S_3758:1
S_610015:0
S_61008:0
S_4768:1
S_113025:0
S_5778:1
S_021511:0
S_018211:0
S_01718:0
S_023711:0
S_022611:0
S_112024:0
S_413031:0
S_02378:0
S_713037:0
S_313029:0
S_02268:0
S_213027:0
S_212011:0
S_113024:0
S_112010:0
S_612034:0
S_712036:0
S_213026:0
S_413030:0
S_312012:0
S_313028:0
S_512032:0
S_412013:0
S_513033:0
S_512014:0
S_513032:0
S_612015:0
S_613034:0
S_712016:0
S_713036:0

